¼à²âÊ±¼ä	Ò»Ñõ»¯Ì¼	¶þÑõ»¯µª	³ôÑõ	PM10	PM2.5	¶þÑõ»¯Áò	AQI
2020/6/7	0.6	22	129	59	39	4	75
2020/6/6	0.7	43	198	86	48	8	135
2020/6/5	0.7	59	240	85	45	7	175
2020/6/4	0.6	47	212	73	36	6	148
2020/6/3	0.5	48	153	60	25	6	95
2020/6/2	0.4	24	133	25	11	4	78
2020/6/1	0.5	23	99	44	29	4	50
2020/5/31	0.6	32	211	89	63	5	147
2020/5/30	0.6	43	197	75	47	6	134
2020/5/29	0.5	41	169	55	31	7	109
2020/5/28	0.5	32	132	41	21	8	77
2020/5/27	0.5	32	115	33	17	5	63
2020/5/26	0.8	52	69	71	43	7	65
2020/5/25	0.5	33	81	33	20	5	42
2020/5/24	0.4	19	78	31	15	4	39
2020/5/23	0.7	56	246	93	52	7	181
2020/5/22	0.6	48	127	55	24	6	73
2020/5/21	0.6	36	68	52	33	4	51
2020/5/20	0.6	22	118	72	43	5	65
2020/5/19	0.5	42	199	86	42	8	136
2020/5/18	0.5	51	180	75	33	8	119
2020/5/17	0.4	33	156	37	13	4	97
2020/5/16	0.6	39	185	100	64	6	123
2020/5/15	0.6	36	210	108	69	5	146
2020/5/14	0.6	35	178	109	72	4	117
2020/5/13	0.6	55	178	136	65	8	117
2020/5/12	0.6	67	43	123	56	6	87
2020/5/11	0.5	35	88	113	42	5	82
2020/5/10	0.4	29	152	40	17	6	94
2020/5/9	0.4	23	85	51	19	4	51
2020/5/8	0.5	27	130	32	14	6	75
2020/5/7	0.6	21	71	32	21	5	36
2020/5/6	0.7	39	218	86	54	6	153
2020/5/5	0.7	44	164	91	56	7	104
2020/5/4	0.8	46	201	96	56	11	138
2020/5/3	0.9	70	221	98	57	8	156
2020/5/2	0.8	67	216	91	55	8	151
2020/5/1	0.7	45	207	87	62	7	143
2020/4/30	0.6	36	177	67	42	6	116
2020/4/29	0.9	93	103	115	59	9	107
2020/4/28	0.8	76	185	86	44	7	123
2020/4/27	0.7	68	160	76	39	6	100
2020/4/26	0.6	57	159	70	42	9	100
2020/4/25	0.6	54	147	63	35	6	90
2020/4/24	0.4	36	123	51	31	5	70
2020/4/23	0.4	27	101	39	22	8	51
2020/4/22	0.4	25	81	31	15	5	41
2020/4/21	0.4	26	82	33	18	4	41
2020/4/20	0.7	40	87	57	33	6	54
2020/4/19	0.6	36	56	50	28	5	50
2020/4/18	0.5	22	127	45	19	5	73
2020/4/17	0.6	51	104	84	43	6	67
2020/4/16	0.9	66	159	136	94	9	124
2020/4/15	1.1	73	129	119	78	7	104
2020/4/14	0.7	44	127	71	48	4	73
2020/4/13	0.6	33	79	69	41	4	60
2020/4/12	0.7	55	109	119	44	7	85
2020/4/11	0.6	35	108	76	32	5	63
2020/4/10	0.6	25	132	54	33	6	77
2020/4/9	0.8	49	134	68	40	7	79
2020/4/8	0.7	41	126	62	43	7	72
2020/4/7	0.9	46	84	105	75	6	100
2020/4/6	0.8	47	41	78	52	5	72
2020/4/5	0.6	36	83	53	35	5	52
2020/4/4	0.6	26	83	28	20	5	42
2020/4/3	0.6	20	47	13	8	4	25
2020/4/2	0.6	28	52	48	30	6	48
2020/4/1	0.6	33	81	48	31	6	48
2020/3/31	0.6	31	96	36	24	5	48
2020/3/30	0.6	35	44	38	21	5	44
2020/3/29	0.6	23	67	21	12	5	34
2020/3/28	0.6	20	57	19	10	5	29
2020/3/27	0.5	18	86	38	16	5	43
2020/3/26	0.8	41	86	132	71	9	95
2020/3/25	0.9	44	155	110	75	8	100
2020/3/24	0.8	61	141	132	76	10	102
2020/3/23	0.8	59	150	104	51	10	92
2020/3/22	0.7	42	106	64	38	6	57
2020/3/21	0.7	53	157	98	52	12	98
2020/3/20	0.7	65	140	93	48	11	84
2020/3/19	0.5	44	119	58	28	9	66
2020/3/18	0.7	70	89	88	46	9	88
2020/3/17	0.6	43	98	46	23	6	54
2020/3/16	0.6	29	58	52	28	6	51
2020/3/15	0.8	56	50	123	55	10	87
2020/3/14	0.7	62	49	128	45	9	89
2020/3/13	0.7	50	71	125	63	8	88
2020/3/12	0.6	42	76	105	59	8	80
2020/3/11	0.5	29	92	75	35	7	63
2020/3/10	0.4	27	75	60	22	6	55
2020/3/9	0.5	31	60	77	28	7	64
2020/3/8	0.7	38	72	89	62	11	84
2020/3/7	0.6	34	100	78	56	8	77
2020/3/6	0.6	30	65	68	52	7	72
2020/3/5	0.6	29	62	64	43	7	60
2020/3/4	0.5	30	83	41	24	6	42
2020/3/3	0.5	29	69	38	22	6	38
2020/3/2	0.6	18	67	34	17	5	34
2020/3/1	0.7	35	63	70	41	8	60
2020/2/29	0.8	39	122	45	31	7	69
2020/2/28	0.8	29	76	22	17	6	38
2020/2/27	1	34	54	125	105	6	138
2020/2/26	0.9	44	103	110	86	7	114
2020/2/25	0.8	39	109	105	82	7	109
2020/2/24	0.8	38	95	108	83	7	110
2020/2/23	0.8	36	55	107	81	7	108
2020/2/22	0.7	31	50	88	61	6	83
2020/2/21	0.5	22	88	65	36	5	58
2020/2/20	0.6	16	74	61	49	6	68
2020/2/19	0.6	15	92	61	44	6	62
2020/2/18	0.6	21	83	79	49	9	68
2020/2/17	0.5	20	75	72	39	8	61
2020/2/16	0.5	13	89	69	25	5	60
2020/2/15	0.4	8	71	101	24	5	76
2020/2/14	0.7	16	76	76	56	6	77
2020/2/13	0.9	21	96	96	87	7	115
2020/2/12	1	24	86	99	85	7	113
2020/2/11	0.8	15	90	60	53	6	73
2020/2/10	0.7	15	82	41	34	6	49
2020/2/9	0.8	13	82	47	39	6	55
2020/2/8	0.9	21	50	59	51	7	70
2020/2/7	0.7	13	47	49	44	5	62
2020/2/6	0.6	13	80	34	30	5	43
2020/2/5	0.7	17	56	66	58	6	79
2020/2/4	0.6	16	76	40	35	5	50
2020/2/3	0.5	17	78	38	32	5	46
2020/2/2	0.6	20	63	42	38	5	54
2020/2/1	0.7	14	38	46	41	5	58
2020/1/31	0.7	16	56	48	43	5	60
2020/1/30	0.8	21	65	54	47	6	65
2020/1/29	0.9	22	75	49	44	5	62
2020/1/28	0.9	22	43	54	49	6	68
2020/1/27	0.8	14	49	43	38	7	54
2020/1/26	0.8	15	58	45	40	6	57
2020/1/25	0.8	14	92	53	49	7	68
2020/1/24	0.8	17	75	65	57	6	78
2020/1/23	1.1	41	33	134	119	6	156
2020/1/22	1	42	63	124	107	7	140
2020/1/21	0.9	37	68	111	91	7	120
2020/1/20	1	48	70	100	78	7	104
2020/1/19	0.9	39	82	68	54	5	74
2020/1/18	1.1	45	33	97	75	6	100
2020/1/17	1	48	16	85	64	6	87
2020/1/16	0.9	33	49	50	41	5	58
2020/1/15	0.9	29	16	60	49	5	68
2020/1/14	1.3	56	14	131	98	7	129
2020/1/13	1.2	54	24	97	76	13	102
2020/1/12	1.4	58	82	97	72	9	97
2020/1/11	1.2	54	69	70	48	6	68
2020/1/10	1.1	39	37	55	35	7	53
2020/1/9	1	48	26	91	67	7	90
2020/1/8	1.2	85	30	117	76	8	103
2020/1/7	1	53	71	85	57	7	78
2020/1/6	1.2	61	17	116	91	8	120
2020/1/5	0.9	52	18	124	98	6	129
2020/1/4	1.1	67	16	119	89	8	118
2020/1/3	1	57	56	102	79	6	105
2020/1/2	1	57	22	132	103	10	135
2020/1/1	0.9	45	27	124	103	6	135
2019/12/31	1	61	19	148	111	7	145
2019/12/30	0.9	49	56	124	92	7	122
2019/12/29	0.9	51	28	117	81	8	108
2019/12/28	0.7	57	44	94	56	7	77
2019/12/27	0.7	53	52	82	38	7	67
2019/12/26	0.6	38	52	52	24	6	51
2019/12/25	1	49	12	106	79	11	105
2019/12/24	1.1	53	7	120	87	9	115
2019/12/23	1	48	19	108	84	9	112
2019/12/22	0.9	44	28	98	74	10	99
2019/12/21	0.8	42	38	70	50	9	69
2019/12/20	0.8	44	10	74	52	8	72
2019/12/19	0.7	45	35	74	45	7	63
2019/12/18	0.6	38	50	56	34	6	53
2019/12/17	0.8	42	35	63	38	9	57
2019/12/16	1	46	33	109	87	8	115
2019/12/15	1.1	59	35	154	119	9	156
2019/12/14	1.2	65	15	171	131	10	173
2019/12/13	1.2	56	17	170	138	10	183
2019/12/12	1.2	59	21	167	131	12	173
2019/12/11	1.3	68	45	178	134	9	178
2019/12/10	1.4	70	64	168	128	9	169
2019/12/9	1.3	64	44	161	119	10	156
2019/12/8	1.1	64	44	127	95	9	125
2019/12/7	0.9	63	27	107	75	9	100
2019/12/6	0.8	44	72	69	51	8	70
2019/12/5	0.9	49	65	100	75	9	100
2019/12/4	1	60	39	103	67	8	90
2019/12/3	1	57	23	91	53	8	73
2019/12/2	0.9	54	27	66	38	8	68
2019/12/1	0.8	44	41	58	35	7	55
2019/11/30	0.8	32	23	42	25	6	42
2019/11/29	0.8	28	9	35	25	5	36
2019/11/28	0.7	31	26	34	20	5	39
2019/11/27	0.8	38	12	55	36	7	53
2019/11/26	0.6	36	21	44	28	6	45
2019/11/25	0.5	36	45	27	15	5	45
2019/11/24	0.7	34	41	44	33	5	48
2019/11/23	0.9	45	21	110	84	7	112
2019/11/22	0.8	50	10	98	67	7	90
2019/11/21	0.8	42	32	81	49	6	68
2019/11/20	0.6	38	24	87	49	6	69
2019/11/19	0.6	52	14	113	49	6	82
2019/11/18	0.5	44	49	127	46	7	89
2019/11/17	0.7	45	46	118	74	6	99
2019/11/16	0.8	59	57	139	81	10	108
2019/11/15	0.8	72	35	108	54	13	90
2019/11/14	0.6	55	63	90	36	8	70
2019/11/13	0.6	48	43	55	23	7	60
2019/11/12	0.7	38	58	73	54	8	74
2019/11/11	1.1	53	22	127	91	9	120
2019/11/10	0.9	45	42	94	67	7	90
2019/11/9	0.9	49	19	113	83	10	110
2019/11/8	0.8	55	33	100	76	6	102
2019/11/7	0.8	44	61	76	53	7	73
2019/11/6	0.7	43	61	61	44	8	62
2019/11/5	0.5	30	59	50	36	7	52
2019/11/4	0.7	40	42	69	49	6	68
2019/11/3	0.7	38	78	65	48	5	67
2019/11/2	0.7	44	73	62	42	6	59
2019/11/1	0.6	39	53	53	37	7	53
2019/10/31	0.8	50	37	85	59	6	80
2019/10/30	0.9	60	65	92	72	9	97
2019/10/29	0.9	53	75	75	50	8	69
2019/10/28	0.8	52	67	53	33	6	65
2019/10/27	0.5	39	39	35	24	6	49
2019/10/26	0.5	37	38	25	19	5	47
2019/10/25	0.4	27	52	13	7	5	34
2019/10/24	0.6	29	48	30	18	5	37
2019/10/23	0.7	42	51	39	21	6	53
2019/10/22	0.7	37	57	40	24	6	47
2019/10/21	0.8	41	27	59	37	5	55
2019/10/20	0.8	55	40	91	60	8	82
2019/10/19	0.8	53	79	72	44	8	67
2019/10/18	0.6	45	92	42	24	6	57
2019/10/17	0.7	43	86	42	26	6	54
2019/10/16	0.6	34	73	25	14	5	43
2019/10/15	0.6	39	37	40	27	6	49
2019/10/14	0.6	42	37	42	25	5	53
2019/10/13	0.7	45	31	55	34	6	57
2019/10/12	0.6	47	68	51	28	5	59
2019/10/11	0.8	51	71	60	34	8	64
2019/10/10	0.9	48	36	63	35	8	60
2019/10/9	0.7	36	32	40	23	8	45
2019/10/8	0.7	36	40	41	26	5	45
2019/10/7	0.7	31	57	29	16	5	39
2019/10/6	0.7	25	31	27	15	5	32
2019/10/5	0.6	29	89	26	15	5	45
2019/10/4	0.7	25	44	27	15	5	32
2019/10/3	0.8	27	63	60	42	5	59
2019/10/2	0.7	25	86	57	43	8	60
2019/10/1	0.9	28	105	80	57	6	78
2019/9/30	1.3	63	90	128	77	9	103
2019/9/29	1.1	58	126	117	76	9	102
2019/9/28	1	57	130	99	61	6	83
2019/9/27	1	56	128	92	55	7	75
2019/9/26	0.8	55	73	75	41	7	69
2019/9/25	0.5	34	112	35	22	7	60
2019/9/24	0.6	38	45	40	26	5	48
2019/9/23	0.9	58	50	91	51	9	73
2019/9/22	1	60	133	86	43	8	78
2019/9/21	0.8	53	75	55	26	7	67
2019/9/20	0.8	41	58	44	20	6	52
2019/9/19	0.7	31	33	30	14	6	39
2019/9/18	0.7	32	93	34	15	6	47
2019/9/17	0.6	29	55	19	9	6	37
2019/9/16	0.8	35	80	37	21	8	44
2019/9/15	0.7	33	59	26	13	5	42
2019/9/14	0.5	18	75	12	6	4	38
2019/9/13	0.5	13	72	9	4	4	36
2019/9/12	0.9	36	65	41	25	5	45
2019/9/11	0.9	32	47	32	21	5	40
2019/9/10	0.7	20	74	13	6	4	37
2019/9/9	0.8	27	49	28	19	4	34
2019/9/8	0.7	21	82	31	21	5	41
2019/9/7	0.9	36	66	45	32	5	46
2019/9/6	0.9	42	63	57	36	5	54
2019/9/5	0.7	30	84	39	28	5	42
2019/9/4	0.8	29	44	29	20	4	37
2019/9/3	0.8	32	50	43	30	5	43
2019/9/2	0.9	32	68	41	30	4	43
2019/9/1	1	43	87	62	42	4	59
2019/8/31	0.9	43	70	40	27	4	54
2019/8/30	0.9	47	96	66	41	9	59
2019/8/29	0.9	43	162	59	31	6	102
2019/8/28	0.8	36	134	43	22	6	79
2019/8/27	0.7	34	121	31	14	5	68
2019/8/26	1	48	183	87	52	8	121
2019/8/25	0.9	42	175	65	40	7	114
2019/8/24	0.9	41	216	64	41	7	151
2019/8/23	0.7	30	180	42	26	5	119
2019/8/22	0.8	29	169	51	35	5	109
2019/8/21	0.8	33	102	42	24	5	52
2019/8/20	0.9	40	81	43	27	5	50
2019/8/19	0.8	34	86	52	35	6	51
2019/8/18	0.9	49	118	92	51	14	71
2019/8/17	0.9	58	239	80	43	8	174
2019/8/16	0.8	51	204	54	27	6	140
2019/8/15	0.7	39	182	47	24	6	120
2019/8/14	0.7	29	160	36	18	5	100
2019/8/13	0.9	51	162	90	43	8	102
2019/8/12	0.9	54	250	80	40	8	185
2019/8/11	0.8	40	192	52	26	6	130
2019/8/10	0.8	41	193	46	23	5	130
2019/8/9	0.7	32	153	35	18	5	95
2019/8/8	0.8	40	129	45	23	5	75
2019/8/7	0.8	41	213	44	22	6	149
2019/8/6	0.5	21	105	15	8	4	55
2019/8/5	0.6	27	46	24	13	4	34
2019/8/4	0.6	28	98	27	15	4	49
2019/8/3	0.6	21	93	18	11	4	47
2019/8/2	0.8	43	65	43	25	5	54
2019/8/1	0.8	44	136	56	32	4	80
2019/7/31	0.8	42	187	40	21	4	125
2019/7/30	0.7	37	76	30	14	4	47
2019/7/29	0.6	25	85	14	8	4	43
2019/7/28	0.7	32	117	46	27	4	65
2019/7/27	0.9	47	121	60	35	4	68
2019/7/26	0.9	55	166	70	39	5	106
2019/7/25	0.7	45	141	42	21	4	85
2019/7/24	0.9	50	101	46	25	4	63
2019/7/23	0.9	51	66	50	21	4	64
2019/7/22	0.7	31	64	24	14	4	39
2019/7/21	0.7	31	126	31	17	4	72
2019/7/20	0.7	28	98	21	10	4	49
2019/7/19	0.6	20	77	18	9	4	39
2019/7/18	0.8	30	108	31	14	5	57
2019/7/17	0.7	24	88	18	10	5	44
2019/7/16	0.7	21	66	16	11	4	33
2019/7/15	0.8	39	68	38	27	5	49
2019/7/14	0.8	41	163	46	26	5	103
2019/7/13	0.7	31	134	24	11	6	79
2019/7/12	0.7	24	105	23	14	5	55
2019/7/11	0.8	31	73	28	19	5	39
2019/7/10	0.8	35	116	27	17	5	64
2019/7/9	0.8	38	114	43	24	5	62
2019/7/8	0.9	29	104	36	21	5	54
2019/7/7	0.8	48	73	36	19	5	60
2019/7/6	1	53	60	56	36	6	67
2019/7/5	0.7	30	126	36	23	5	72
2019/7/4	0.7	26	102	26	18	4	52
2019/7/3	0.8	41	68	56	35	5	53
2019/7/2	0.9	55	126	77	39	8	72
2019/7/1	0.9	57	221	82	41	8	156
2019/6/30	0.9	66	169	80	40	9	109
2019/6/29	0.8	55	162	54	25	7	102
2019/6/28	0.7	28	114	21	8	5	62
2019/6/27	0.8	27	99	28	17	5	50
2019/6/26	0.8	33	79	39	25	5	42
2019/6/25	0.8	28	69	29	18	5	35
2019/6/24	0.6	22	75	25	16	5	38
2019/6/23	0.6	15	113	29	17	6	61
2019/6/22	0.6	12	97	16	6	5	49
2019/6/21	0.7	27	97	28	13	6	49
2019/6/20	0.9	37	120	37	20	6	67
2019/6/19	0.7	29	60	31	21	5	37
2019/6/18	0.7	33	66	34	21	6	42
2019/6/17	0.7	37	60	38	25	5	47
2019/6/16	0.6	31	121	34	24	5	68
2019/6/15	0.6	15	95	21	14	4	48
2019/6/14	0.7	21	91	33	23	4	46
2019/6/13	0.6	15	163	35	23	5	103
2019/6/12	0.7	20	212	28	17	5	148
2019/6/11	0.6	15	94	26	16	5	47
2019/6/10	0.7	27	113	47	28	5	61
2019/6/9	0.7	21	162	34	19	5	102
2019/6/8	0.9	32	85	56	38	5	54
2019/6/7	0.7	17	159	36	22	5	100
2019/6/6	0.8	38	153	40	22	8	95
2019/6/5	0.7	20	172	33	17	5	111
2019/6/4	1.1	55	236	117	62	10	171
2019/6/3	1	65	220	107	49	8	155
2019/6/2	0.9	45	170	66	34	8	110
2019/6/1	0.7	32	158	50	31	6	99
2019/5/31	1	49	116	70	41	8	64
2019/5/30	0.9	48	84	49	33	5	60
2019/5/29	0.7	25	47	24	15	4	32
2019/5/28	0.6	21	80	32	14	5	40
2019/5/27	0.8	38	92	69	25	5	60
2019/5/26	1.1	60	136	76	48	5	80
2019/5/25	1	42	160	76	51	5	100
2019/5/24	0.9	49	137	82	46	6	81
2019/5/23	0.8	53	187	83	43	6	125
2019/5/22	0.7	42	140	75	36	7	84
2019/5/21	0.6	37	168	58	26	5	108
2019/5/20	0.5	27	109	49	20	5	58
2019/5/19	0.6	27	90	59	27	5	55
2019/5/18	0.8	40	122	69	45	6	69
2019/5/17	0.8	44	119	73	41	5	66
2019/5/16	0.7	44	125	60	26	6	71
2019/5/15	0.8	37	110	77	46	6	64
2019/5/14	0.7	32	117	94	50	6	72
2019/5/13	0.6	21	166	47	23	5	106
2019/5/12	0.8	23	130	52	36	4	75
2019/5/11	1	52	128	96	61	8	83
2019/5/10	0.8	47	125	52	29	7	71
2019/5/9	0.7	30	110	21	11	5	59
2019/5/8	0.8	38	107	32	22	5	56
2019/5/7	0.6	15	95	9	5	5	48
2019/5/6	0.6	19	59	13	8	6	30
2019/5/5	0.8	30	52	44	30	6	44
2019/5/4	0.8	30	75	55	39	6	55
2019/5/3	0.8	25	76	61	40	5	57
2019/5/2	0.7	24	107	45	31	5	56
2019/5/1	0.8	41	96	71	45	8	63
2019/4/30	0.7	43	108	43	23	6	57
2019/4/29	0.7	33	125	37	21	6	71
2019/4/28	0.7	18	99	27	13	5	50
2019/4/27	0.8	21	131	61	31	8	76
2019/4/26	0.9	46	198	82	47	9	135
2019/4/25	1	57	189	101	55	8	127
2019/4/24	1	57	220	96	55	10	155
2019/4/23	0.8	56	184	85	45	8	122
2019/4/22	0.8	51	153	73	34	9	95
2019/4/21	0.7	41	134	43	22	7	79
2019/4/20	0.9	40	68	43	24	6	50
2019/4/19	1.1	66	141	128	76	10	102
2019/4/18	1.1	65	120	108	70	10	94
2019/4/17	0.8	47	97	81	55	8	75
2019/4/16	0.7	36	119	63	48	6	67
2019/4/15	0.7	26	66	48	29	5	48
2019/4/14	0.6	24	104	32	14	5	54
2019/4/13	1	45	91	81	51	7	70
2019/4/12	1	52	59	89	57	6	78
2019/4/11	0.7	29	76	42	22	5	42
2019/4/10	0.7	34	72	58	24	6	54
2019/4/9	0.6	38	149	67	27	7	91
2019/4/8	0.9	70	148	111	55	14	90
2019/4/7	1.1	72	173	108	54	13	112
2019/4/6	0.9	62	148	76	38	11	90
2019/4/5	0.8	48	118	67	45	10	65
2019/4/4	0.7	39	104	67	49	6	68
2019/4/3	0.7	42	79	46	28	6	53
2019/4/2	0.8	33	74	57	40	6	57
2019/4/1	0.7	39	54	76	42	5	63
2019/3/31	0.7	40	79	72	31	7	61
2019/3/30	0.8	56	84	112	50	9	81
2019/3/29	1	61	152	117	54	11	94
2019/3/28	0.7	44	119	66	33	7	66
2019/3/27	0.9	55	115	91	53	8	73
2019/3/26	0.9	57	78	95	57	6	78
2019/3/25	0.8	56	68	72	41	6	70
2019/3/24	0.7	50	63	69	39	5	63
2019/3/23	0.5	38	59	54	22	5	52
2019/3/22	0.6	35	75	71	30	5	61
2019/3/21	0.7	50	75	95	40	7	73
2019/3/20	1.1	62	118	110	72	7	97
2019/3/19	1	64	74	121	71	7	95
2019/3/18	1	69	68	102	57	6	87
2019/3/17	0.8	50	64	67	42	5	63
2019/3/16	0.6	42	62	61	39	5	56
2019/3/15	0.7	56	55	74	41	11	70
2019/3/14	0.7	59	40	61	30	7	74
2019/3/13	0.8	52	68	111	65	11	88
2019/3/12	1	84	69	136	75	13	102
2019/3/11	0.9	56	126	101	62	7	84
2019/3/10	0.8	50	106	76	49	7	68
2019/3/9	0.8	47	99	66	44	5	62
2019/3/8	0.7	32	61	52	31	4	51
2019/3/7	0.6	35	42	37	28	5	44
2019/3/6	0.8	54	45	57	39	5	68
2019/3/5	0.9	53	85	68	42	6	67
2019/3/4	0.8	47	68	76	50	8	69
2019/3/3	0.8	47	83	50	32	6	59
2019/3/2	0.8	38	81	26	17	5	48
2019/3/1	0.8	36	29	48	35	4	50
2019/2/28	0.9	54	38	86	58	8	79
2019/2/27	0.8	45	57	62	43	6	60
2019/2/26	0.7	39	47	76	54	5	74
2019/2/25	0.9	48	35	80	55	7	75
2019/2/24	0.7	40	23	79	55	5	75
2019/2/23	1	53	30	112	81	6	108
2019/2/22	1.4	77	13	131	91	11	120
2019/2/21	1.1	55	73	76	49	7	69
2019/2/20	0.8	43	53	72	51	7	70
2019/2/19	0.9	39	40	58	40	5	57
2019/2/18	0.9	27	44	35	25	4	36
2019/2/17	0.9	22	32	51	33	3	51
2019/2/16	1	45	35	94	50	6	72
2019/2/15	1.2	46	56	82	52	6	72
2019/2/14	1.2	41	37	98	71	6	95
2019/2/13	1.1	38	70	84	60	6	82
2019/2/12	1	28	75	55	38	4	54
2019/2/11	1	23	78	56	41	5	58
2019/2/10	0.8	17	63	42	28	4	42
2019/2/9	0.7	14	56	63	34	4	57
2019/2/8	0.7	16	60	78	53	6	73
2019/2/7	0.9	36	99	94	67	7	90
2019/2/6	0.9	36	105	117	85	8	113
2019/2/5	0.9	36	111	140	104	10	137
2019/2/4	0.8	39	97	93	61	7	83
2019/2/3	1	31	85	65	46	5	64
2019/2/2	1	36	34	98	79	6	105
2019/2/1	1	45	62	83	65	5	88
2019/1/31	1.1	44	33	91	65	5	88
2019/1/30	1	45	40	101	76	6	102
2019/1/29	1.1	46	60	108	79	6	105
2019/1/28	1	39	70	76	58	5	79
2019/1/27	1	32	28	83	65	5	88
2019/1/26	1.2	55	38	161	116	8	152
2019/1/25	1.2	70	38	165	113	9	148
2019/1/24	1	75	28	160	105	10	138
2019/1/23	1	70	58	158	100	11	132
2019/1/22	0.9	60	59	122	78	10	104
2019/1/21	0.6	53	46	73	41	6	67
2019/1/20	0.9	58	76	111	64	10	87
2019/1/19	0.9	55	80	99	62	7	84
2019/1/18	0.9	51	45	114	80	6	107
2019/1/17	0.9	62	21	142	90	9	119
2019/1/16	0.7	51	65	102	62	8	84
2019/1/15	0.9	51	58	80	49	7	68
2019/1/14	1.6	71	29	152	105	9	138
2019/1/13	1.5	51	55	111	76	6	102
2019/1/12	1.4	60	27	109	78	7	104
2019/1/11	1.3	49	69	90	66	7	89
2019/1/10	1.1	41	20	94	71	6	95
2019/1/9	1.1	56	23	142	105	9	138
2019/1/8	1.4	71	20	155	101	11	133
2019/1/7	1.2	61	38	138	97	8	128
2019/1/6	1.2	66	20	145	95	8	125
2019/1/5	1.3	68	51	118	73	8	98
2019/1/4	1	52	60	90	57	5	78
2019/1/3	0.9	47	14	100	74	7	99
2019/1/2	1	44	32	87	62	9	84
2019/1/1	1.1	46	20	66	55	8	75
2018/12/31	1	45	17	68	52	7	72
2018/12/30	1	43	24	73	55	6	75
2018/12/29	0.9	33	42	68	48	6	67
2018/12/28	1	25	37	53	35	6	52
2018/12/27	0.9	40	11	70	47	6	65
2018/12/26	1.1	57	16	94	60	8	82
2018/12/25	0.9	41	14	51	34	6	52
2018/12/24	0.8	45	13	75	43	8	63
2018/12/23	0.7	51	33	64	37	7	64
2018/12/22	0.7	45	62	62	38	8	57
2018/12/21	1.1	58	12	140	103	7	135
2018/12/20	1.2	57	22	210	155	10	205
2018/12/19	1.2	69	24	195	144	8	192
2018/12/18	1.2	79	31	166	120	8	158
2018/12/17	1.4	72	62	155	102	9	134
2018/12/16	1.1	53	57	100	64	9	87
2018/12/15	1.1	53	57	100	64	9	87
2018/12/14	0.9	56	34	117	79	9	105
2018/12/13	1.1	67	12	138	91	8	120
2018/12/12	1.3	64	17	104	56	8	80
2018/12/11	1.1	44	3	75	46	6	64
2018/12/10	0.8	33	9	44	31	5	45
2018/12/9	0.6	26	26	31	22	5	33
2018/12/8	0.8	25	11	21	15	4	32
2018/12/7	0.6	26	26	31	22	5	33
2018/12/6	0.7	25	18	26	18	4	32
2018/12/5	0.8	49	37	184	59	7	117
2018/12/4	0.8	55	24	249	75	8	150
2018/12/3	0.9	44	51	119	44	7	85
2018/12/2	1	40	16	69	50	6	69
2018/12/1	1.1	51	23	92	58	7	79
2018/11/30	1.3	68	15	163	105	8	138
2018/11/29	1.1	55	17	147	84	7	112
2018/11/28	0.9	50	29	107	62	7	84
2018/11/27	1.1	52	46	105	65	7	88
2018/11/26	0.9	46	29	103	77	6	103
2018/11/25	1.2	57	42	157	109	8	143
2018/11/24	1.1	60	34	119	81	7	108
2018/11/23	0.8	49	49	101	71	8	95
2018/11/22	0.8	56	54	79	45	8	70
2018/11/21	0.9	56	30	96	60	9	82
2018/11/20	0.9	56	19	95	61	8	83
2018/11/19	0.7	49	35	60	37	7	62
2018/11/18	0.7	42	61	38	24	6	53
2018/11/17	0.5	27	40	23	15	5	34
2018/11/16	0.6	25	33	16	9	5	32
2018/11/15	0.8	36	16	50	33	7	50
2018/11/14	0.9	49	9	94	67	9	90
2018/11/13	0.8	46	15	78	56	7	77
2018/11/12	0.8	44	54	76	55	6	75
2018/11/11	0.8	50	59	89	63	7	85
2018/11/10	0.9	58	31	99	70	8	94
2018/11/9	0.6	48	34	71	52	6	72
2018/11/8	0.6	36	61	43	30	8	45
2018/11/7	0.5	37	48	38	26	7	47
2018/11/6	0.5	40	32	58	38	8	54
2018/11/5	0.5	37	49	38	21	8	47
2018/11/4	0.7	42	63	71	44	10	62
2018/11/3	0.9	61	76	112	79	14	105
2018/11/2	1.1	61	110	135	97	12	128
2018/11/1	1.1	64	115	109	72	12	97
2018/10/31	1	56	83	78	46	10	70
2018/10/30	1	52	62	106	72	10	97
2018/10/29	1.1	69	51	156	109	11	143
2018/10/28	0.9	52	93	107	67	8	90
2018/10/27	1.1	59	45	121	72	14	97
2018/10/26	1.3	72	55	105	56	12	90
2018/10/25	1	57	37	85	48	10	74
2018/10/24	0.7	43	19	66	40	8	58
2018/10/23	0.8	47	62	55	34	8	59
2018/10/22	1	54	18	75	53	8	73
2018/10/21	0.7	28	45	24	17	6	35
2018/10/20	0.7	28	45	24	17	6	35
2018/10/19	0.6	28	45	24	19	6	35
2018/10/18	0.8	53	30	92	64	8	87
2018/10/17	0.8	53	30	92	64	8	87
2018/10/16	0.8	53	45	73	53	8	73
2018/10/15	0.7	45	85	52	36	7	57
2018/10/14	0.7	37	66	50	38	7	54
2018/10/13	0.6	28	62	53	42	6	59
2018/10/12	0.8	51	39	105	70	8	94
2018/10/11	0.8	67	41	103	59	10	84
2018/10/10	0.4	37	95	44	17	8	48
2018/10/9	0.6	43	67	31	17	7	54
2018/10/8	0.6	33	54	36	26	7	42
2018/10/7	0.6	33	54	36	26	7	42
2018/10/6	0.8	43	69	82	62	7	84
2018/10/5	0.7	42	70	63	44	7	62
2018/10/4	0.6	38	63	39	24	7	48
2018/10/3	0.5	31	56	26	16	6	39
2018/10/2	0.7	41	26	34	18	7	52
2018/10/1	0.7	37	44	26	16	6	47
2018/9/30	0.8	40	49	37	23	7	50
2018/9/29	0.8	39	92	45	25	8	49
2018/9/28	0.7	35	105	32	16	7	55
2018/9/27	0.8	26	90	19	10	7	45
2018/9/26	0.8	26	90	19	10	7	45
2018/9/25	0.7	19	54	14	8	6	27
2018/9/24	0.7	18	60	22	15	7	30
2018/9/24	0.7	18	60	22	15	7	30
2018/9/23	0.9	36	44	62	44	8	62
2018/9/22	0.7	37	125	61	35	9	71
2018/9/21	0.7	36	127	34	15	8	73
2018/9/20	1	46	34	49	22	8	58
2018/9/17	0.7	35	84	29	13	7	44
2018/9/16	0.7	35	84	29	13	7	44
2018/9/15	0.7	25	54	20	15	6	32
2018/9/15	0.7	25	54	20	15	6	32
2018/9/14	0.8	33	43	37	28	7	42
2018/9/13	0.7	28	66	34	23	7	35
2018/9/12	0.8	36	77	38	27	7	45
2018/9/11	0.7	38	56	44	29	7	48
2018/9/10	0.6	23	93	28	17	7	47
2018/9/9	0.7	30	64	51	32	8	51
2018/9/8	0.7	38	111	54	29	9	60
2018/9/7	0.8	44	61	51	28	9	55
2018/9/6	0.6	35	61	30	17	7	44
2018/9/5	0.7	24	71	30	19	8	36
2018/9/4	0.9	41	189	53	30	8	127
2018/9/3	0.7	23	105	23	13	8	55
2018/9/2	0.8	22	131	40	25	8	76
2018/9/1	0.8	30	167	43	28	8	107
2018/8/31	0.9	37	181	64	43	8	120
2018/8/30	1	44	162	66	44	8	102
2018/8/29	1.1	57	211	100	64	10	147
2018/8/28	1	52	209	86	55	10	145
2018/8/27	1	54	181	73	46	10	120
2018/8/26	0.9	41	196	60	38	8	133
2018/8/25	1.1	59	30	70	45	10	74
2018/8/24	1	54	143	88	55	10	86
2018/8/23	1	44	204	73	44	10	140
2018/8/22	0.7	26	130	26	15	8	75
2018/8/21	0.9	45	189	77	49	9	127
2018/8/20	1	49	193	81	44	9	130
2018/8/19	0.9	51	146	72	41	9	89
2018/8/18	0.8	41	175	57	31	9	114
2018/8/17	0.8	33	138	51	26	9	82
2018/8/16	0.8	27	131	46	29	8	76
2018/8/15	1	48	223	90	55	9	158
2018/8/14	0.8	40	180	64	38	9	119
2018/8/13	1	47	177	73	45	10	116
2018/8/12	0.8	40	129	55	32	8	75
2018/8/11	0.9	44	154	60	36	9	95
2018/8/10	0.7	29	124	30	18	7	70
2018/8/9	0.8	44	122	52	30	8	69
2018/8/8	0.8	44	103	50	29	8	55
2018/8/7	0.8	43	92	49	28	7	54
2018/8/6	0.9	48	219	68	40	8	154
2018/8/5	1	53	118	59	34	7	67
2018/8/4	0.9	44	140	47	29	7	84
2018/8/3	0.7	32	76	35	21	7	40
2018/8/2	0.7	28	56	29	19	7	35
2018/8/1	0.9	46	58	53	34	7	58
2018/7/31	0.8	42	141	45	28	7	85
2018/7/30	0.7	33	65	28	18	8	42
2018/7/29	0.7	31	139	36	22	9	83
2018/7/28	0.8	37	133	50	34	9	78
2018/7/27	0.7	41	113	36	19	8	61
2018/7/26	0.8	41	124	56	37	9	70
2018/7/25	0.8	43	180	70	44	8	119
2018/7/24	0.9	52	213	72	44	9	149
2018/7/23	1	56	113	74	41	10	70
2018/7/22	0.9	48	151	80	44	10	93
2018/7/21	0.8	33	236	44	24	9	171
2018/7/20	0.8	32	194	59	37	9	131
2018/7/19	0.9	38	156	65	39	8	97
2018/7/18	0.9	38	146	57	36	8	89
2018/7/17	0.8	35	121	32	20	8	68
2018/7/16	0.8	38	115	28	18	8	63
2018/7/15	0.7	29	91	26	16	8	46
2018/7/14	1	44	139	54	33	9	83
2018/7/13	0.9	44	156	47	27	8	97
2018/7/12	0.6	33	74	22	14	7	42
2018/7/11	0.6	22	99	11	7	7	50
2018/7/10	0.8	31	50	25	18	7	39
2018/7/9	0.7	18	63	11	8	7	32
2018/7/8	0.7	23	85	26	19	7	43
2018/7/7	0.7	21	116	30	19	7	64
2018/7/6	0.8	21	92	19	9	7	46
2018/7/5	1	35	146	28	16	7	89
2018/7/4	0.9	33	60	20	11	8	42
2018/7/3	0.7	16	78	11	7	9	39
2018/7/2	0.8	23	62	23	13	9	31
2018/7/1	0.9	32	121	31	20	8	68
2018/6/30	0.7	27	105	26	17	9	55
2018/6/29	1	43	90	54	33	9	54
2018/6/28	0.8	39	158	28	17	9	99
2018/6/27	0.8	27	115	32	21	9	63
2018/6/26	0.7	22	83	23	14	10	42
2018/6/25	0.8	30	84	34	21	9	42
2018/6/24	0.9	30	95	35	22	10	48
2018/6/23	1	49	93	63	37	11	62
2018/6/22	1	44	165	50	31	10	105
2018/6/21	0.8	28	72	30	19	9	36
2018/6/20	1	57	163	74	40	11	103
2018/6/19	0.9	54	131	47	24	10	76
2018/6/18	0.7	23	109	17	12	9	58
2018/6/17	0.8	39	71	46	26	10	49
2018/6/16	0.6	33	125	55	36	9	71
2018/6/15	0.6	29	88	34	20	10	44
2018/6/14	0.6	37	119	38	23	14	66
2018/6/13	0.6	31	120	37	24	10	67
2018/6/12	0.6	29	152	42	29	8	94
2018/6/11	0.7	51	85	47	31	8	64
2018/6/10	0.5	31	164	34	22	10	104
2018/6/9	0.6	30	156	37	25	11	97
2018/6/8	0.5	15	123	26	16	8	70
2018/6/7	0.9	44	204	80	51	11	140
2018/6/6	0.9	52	231	66	41	12	166
2018/6/5	0.8	50	183	54	29	11	121
2018/6/4	0.7	47	161	31	18	8	101
2018/6/3	1.1	71	62	96	60	10	89
2018/6/2	0.9	47	98	78	54	9	74
2018/6/1	0.7	38	112	67	44	8	62
2018/5/31	0.6	34	148	60	34	11	90
2018/5/30	0.8	59	125	126	62	13	88
2018/5/29	0.8	61	155	178	67	18	114
2018/5/28	0.7	43	166	169	57	14	110
2018/5/27	0.6	36	157	91	35	9	98
2018/5/26	0.7	38	86	60	30	8	55
2018/5/25	0.8	45	229	85	52	8	164
2018/5/24	0.7	46	137	87	44	9	81
2018/5/23	0.6	37	143	58	30	9	86
2018/5/22	0.5	27	119	27	12	7	66
2018/5/21	0.8	32	115	54	34	8	63
2018/5/20	1	54	191	80	53	10	129
2018/5/19	0.8	37	148	51	35	8	90
2018/5/18	0.8	48	166	67	42	9	106
2018/5/17	0.7	36	114	59	35	10	62
2018/5/16	1.2	80	268	142	83	14	201
2018/5/15	1.1	75	254	123	66	14	189
2018/5/14	1.1	83	230	121	65	15	165
2018/5/13	1.1	81	181	90	45	13	120
2018/5/12	0.8	60	128	55	25	11	75
2018/5/11	0.8	77	29	50	21	10	97
2018/5/10	0.6	26	63	22	18	7	33
2018/5/9	0.6	21	64	15	11	6	32
2018/5/8	0.7	46	95	90	54	11	74
2018/5/7	0.6	59	158	89	41	11	99
2018/5/6	0.5	33	149	63	24	8	91
2018/5/5	0.8	49	65	60	36	9	62
2018/5/4	0.8	32	121	95	67	10	90
2018/5/3	0.7	53	138	96	52	13	82
2018/5/2	0.6	51	116	57	23	10	64
2018/5/1	0.8	58	82	106	67	11	90
2018/4/30	0.9	71	167	135	76	14	107
2018/4/29	0.8	58	210	100	59	13	146
2018/4/28	0.7	56	152	84	44	16	94
2018/4/27	0.5	52	102	57	26	10	65
2018/4/26	0.6	45	128	52	25	10	74
2018/4/25	0.6	30	118	25	13	7	65
2018/4/24	0.7	17	80	14	8	6	40
2018/4/23	0.7	33	92	50	25	7	50
2018/4/22	0.9	47	178	63	39	8	117
2018/4/21	0.9	42	116	69	50	7	69
2018/4/20	0.8	30	148	83	59	8	90
2018/4/19	1.1	76	195	150	85	16	132
2018/4/18	1.2	87	203	153	86	13	140
2018/4/17	0.9	74	187	116	59	11	125
2018/4/16	0.9	58	152	94	46	10	94
2018/4/15	0.6	47	114	60	29	7	62
2018/4/14	0.6	46	57	68	30	7	59
2018/4/13	0.7	32	67	29	12	7	40
2018/4/12	1	40	90	116	71	10	95
2018/4/11	1.1	73	160	177	102	12	134
2018/4/10	1.2	85	169	166	86	17	114
2018/4/9	1.2	77	185	171	77	16	123
2018/4/8	0.9	62	142	128	53	11	89
2018/4/7	0.7	45	109	130	46	9	90
2018/4/6	0.6	34	74	127	43	7	89
2018/4/5	0.7	48	90	102	39	10	76
2018/4/4	1.3	91	183	164	85	18	121
2018/4/3	1.3	82	186	134	61	14	124
2018/4/2	1	65	151	121	50	12	93
2018/4/1	0.8	49	126	87	35	9	72
2018/3/31	1	52	58	60	36	9	65
2018/3/30	1.1	66	59	82	48	10	83
2018/3/29	1.1	67	122	108	71	11	95
2018/3/28	0.9	57	137	83	49	11	81
2018/3/27	0.8	57	98	66	38	15	72
2018/3/26	1	61	104	97	59	13	80
2018/3/25	0.8	46	126	56	36	9	72
2018/3/24	1.1	69	49	106	72	10	97
2018/3/23	1.2	84	75	137	85	15	113
2018/3/22	1.2	70	134	107	64	10	88
2018/3/21	1	65	78	117	73	9	98
2018/3/20	1	64	81	139	66	11	95
2018/3/19	0.9	45	119	110	47	8	80
2018/3/18	0.9	41	96	104	36	9	77
2018/3/17	0.8	30	66	52	38	8	54
2018/3/16	1.1	53	129	142	104	12	137
2018/3/15	1.5	94	167	181	122	15	160
2018/3/14	1.6	95	160	188	126	14	166
2018/3/13	1.3	87	125	158	104	12	137
2018/3/12	1.1	73	112	140	87	15	115
2018/3/11	0.9	67	133	108	59	14	84
2018/3/10	0.9	71	90	124	72	17	97
2018/3/9	0.9	69	141	114	63	14	87
2018/3/8	0.8	53	125	74	42	11	71
2018/3/7	0.8	44	78	41	28	8	55
2018/3/6	0.7	32	45	28	18	7	40
2018/3/5	0.8	48	47	64	35	10	60
2018/3/4	0.9	45	79	84	55	11	75
2018/3/3	1.3	67	106	147	105	20	138
2018/3/2	1.2	66	126	126	87	14	115
2018/3/1	1.3	65	159	125	94	11	124
2018/2/28	1.4	61	133	122	92	11	122
2018/2/27	1.3	62	120	102	73	11	98
2018/2/26	1.1	60	80	100	69	13	93
2018/2/25	0.9	47	127	78	47	9	73
2018/2/24	0.7	38	101	47	27	7	51
2018/2/23	0.8	34	56	57	44	8	62
2018/2/22	0.7	27	74	39	25	6	39
2018/2/21	0.7	20	81	50	32	8	50
2018/2/20	1	27	114	75	57	8	78
2018/2/19	0.9	27	117	65	44	9	65
2018/2/18	0.9	25	103	70	37	10	60
2018/2/17	1.2	31	99	150	118	11	155
2018/2/16	1.4	40	116	212	171	12	221
2018/2/15	1.4	46	102	166	121	7	159
2018/2/14	1.3	52	82	199	132	10	175
2018/2/13	1.1	42	92	172	96	7	127
2018/2/12	1.1	52	74	195	81	8	123
2018/2/11	0.8	46	57	182	66	8	116
2018/2/10	0.6	30	89	162	45	6	106
2018/2/9	1.1	56	63	130	108	7	142
2018/2/8	1.1	54	58	142	118	8	155
2018/2/7	1.3	64	46	167	129	9	170
2018/2/6	1.2	64	26	143	110	8	144
2018/2/5	1	51	54	107	88	6	117
2018/2/4	0.9	50	54	113	89	6	118
2018/2/3	1	62	102	139	79	13	105
2018/2/2	1	69	80	130	70	10	94
2018/2/1	0.8	68	56	112	60	12	85
2018/1/31	1	60	67	102	71	9	95
2018/1/30	1.3	65	21	135	105	12	138
2018/1/29	1.4	61	30	130	101	11	133
2018/1/28	1.2	52	48	91	71	8	95
2018/1/27	0.9	35	37	51	41	5	58
2018/1/26	0.9	31	51	62	48	7	67
2018/1/25	1.1	29	60	35	23	6	37
2018/1/24	1	43	35	71	54	9	74
2018/1/23	1.4	80	22	142	99	12	130
2018/1/22	1.3	61	45	140	108	11	142
2018/1/21	1.3	62	91	175	132	16	175
2018/1/20	1.2	80	27	166	113	14	148
2018/1/19	1.2	70	75	127	76	12	102
2018/1/18	1.4	85	30	176	125	13	165
2018/1/17	1.2	74	80	135	93	11	123
2018/1/16	1	55	81	117	89	11	118
2018/1/15	1.8	97	19	290	217	20	267
2018/1/14	1.4	82	83	229	169	20	219
2018/1/13	1.4	93	59	210	147	20	196
2018/1/12	1.3	86	71	160	108	17	142
2018/1/11	1.6	92	77	167	110	15	144
2018/1/10	1.4	81	77	151	98	13	129
2018/1/9	1.1	68	71	119	71	10	95
2018/1/8	0.7	43	74	75	41	7	63
2018/1/7	0.9	41	69	54	37	9	53
2018/1/6	1	35	41	37	25	7	44
2018/1/5	1.2	37	16	44	32	6	47
2018/1/4	1.1	32	50	28	18	6	40
2018/1/3	0.9	37	52	72	38	8	61
2018/1/2	1.4	68	60	210	104	12	137
2018/1/1	1.4	78	72	228	102	12	139
2017/12/31	1.4	70	61	318	104	13	184
2017/12/30	1.1	61	48	330	101	9	190
2017/12/29	1.9	82	8	330	192	11	242
2017/12/28	1.9	71	26	223	163	10	213
2017/12/27	1.6	67	12	205	152	10	202
2017/12/26	1.6	81	62	199	151	12	201
2017/12/25	1.7	80	67	206	161	12	211
2017/12/24	2	94	69	210	157	13	207
2017/12/23	1.8	92	59	229	175	13	225
2017/12/22	2.1	115	60	253	191	14	241
2017/12/21	1.6	97	64	187	136	14	180
2017/12/20	1.4	85	80	150	105	16	138
2017/12/19	1.5	90	61	171	104	14	137
2017/12/18	1.2	75	57	136	87	11	115
2017/12/17	0.8	72	34	107	63	14	90
2017/12/16	0.7	56	68	69	41	9	70
2017/12/15	0.9	55	46	102	74	8	99
2017/12/14	0.8	42	32	114	81	10	108
2017/12/13	0.8	46	23	107	82	9	109
2017/12/12	1.3	89	11	176	119	18	156
2017/12/11	1.6	101	26	170	107	19	140
2017/12/10	1	66	71	107	75	10	100
2017/12/9	0.8	54	59	110	76	13	102
2017/12/8	0.9	61	51	79	46	10	77
2017/12/7	0.9	55	44	84	57	15	78
2017/12/6	0.9	52	49	102	74	12	99
2017/12/5	1.2	62	37	124	97	10	128
2017/12/4	1.4	68	36	146	106	12	139
2017/12/3	1.1	53	68	106	77	9	103
2017/12/2	1.1	58	16	105	71	10	95
2017/12/1	0.9	60	24	74	46	11	75
2017/11/30	0.8	54	73	84	54	10	74
2017/11/29	0.8	54	37	79	57	10	78
2017/11/28	1.3	72	21	176	126	14	166
2017/11/27	1.1	74	42	166	125	13	165
2017/11/26	1.1	63	48	157	107	14	140
2017/11/25	0.9	63	22	128	83	11	110
2017/11/24	0.7	47	59	104	64	16	87
2017/11/23	0.5	49	66	53	27	10	62
2017/11/22	0.8	57	35	70	41	11	72
2017/11/21	0.7	56	29	52	31	11	70
2017/11/20	0.7	51	42	57	34	9	64
2017/11/19	0.9	37	39	43	27	9	47
2017/11/18	0.9	49	52	69	45	13	63
2017/11/17	1	48	11	64	43	9	60
2017/11/16	0.9	53	21	76	54	11	74
2017/11/15	0.9	56	19	104	73	10	98
2017/11/14	0.8	60	61	79	53	11	75
2017/11/13	0.9	48	66	71	46	10	64
2017/11/12	0.6	41	22	53	35	9	52
2017/11/11	0.5	54	82	49	25	10	68
2017/11/10	0.4	42	54	34	17	10	53
2017/11/9	0.9	51	92	127	91	13	120
2017/11/8	1.5	77	75	171	116	16	152
2017/11/7	1.2	54	92	140	92	12	122
2017/11/6	1.2	65	39	183	122	14	160
2017/11/5	1.1	61	55	153	105	9	138
2017/11/4	1.2	54	68	142	95	12	125
2017/11/3	1.5	63	106	143	96	15	127
2017/11/2	1.4	69	58	120	80	13	107
2017/11/1	1.1	50	94	78	54	10	74
2017/10/31	0.8	40	39	52	34	7	51
2017/10/30	0.6	32	30	26	16	7	40
2017/10/29	0.8	44	38	84	52	9	72
2017/10/28	1	57	36	128	80	13	107
2017/10/27	1	50	94	88	56	12	77
2017/10/26	1	56	64	99	63	13	85
2017/10/25	0.7	42	74	76	47	8	65
2017/10/24	0.5	44	24	51	32	7	55
2017/10/23	0.5	42	66	30	18	8	53
2017/10/22	0.5	39	65	31	18	7	49
2017/10/21	0.9	55	32	79	47	9	69
2017/10/20	1	69	26	124	75	9	100
2017/10/19	1	59	58	114	71	11	95
2017/10/18	0.8	49	41	48	29	9	62
2017/10/17	0.9	47	38	56	32	11	59
2017/10/16	0.7	42	75	26	12	10	53
2017/10/15	0.6	34	34	17	8	8	43
2017/10/14	0.7	37	42	28	16	8	47
2017/10/13	0.7	55	30	55	36	9	69
2017/10/12	0.7	46	27	35	21	9	58
2017/10/11	0.8	46	8	58	37	9	58
2017/10/10	0.5	36	51	20	10	8	45
2017/10/9	0.8	44	26	48	32	13	55
2017/10/8	1	61	92	96	65	11	88
2017/10/7	0.9	51	48	68	45	9	64
2017/10/6	0.8	43	47	68	48	8	67
2017/10/5	0.7	31	62	38	25	10	39
2017/10/4	0.6	32	58	24	14	9	40
2017/10/3	0.6	23	56	17	7	9	29
2017/10/2	1	51	89	78	52	12	72
2017/10/1	0.8	42	163	66	40	11	103
2017/9/30	0.8	43	74	84	52	10	72
2017/9/29	0.7	51	107	55	31	11	64
2017/9/28	0.5	40	84	32	14	11	50
2017/9/27	0.6	44	57	34	16	11	55
2017/9/26	1	55	60	89	54	14	74
2017/9/25	1.1	61	84	111	68	11	92
2017/9/24	1	57	74	102	64	12	87
2017/9/23	0.9	47	47	93	58	12	79
2017/9/22	0.8	39	106	71	43	10	61
2017/9/21	0.8	45	161	56	33	10	101
2017/9/20	0.8	54	109	54	29	11	68
2017/9/19	0.7	37	95	33	17	9	48
2017/9/18	1	41	86	51	30	11	52
2017/9/17	0.9	35	58	41	24	10	44
2017/9/16	0.9	35	49	60	40	12	57
2017/9/15	0.7	33	50	34	19	8	42
2017/9/14	0.7	38	61	61	38	9	56
2017/9/13	0.8	48	93	69	35	11	60
2017/9/12	0.8	53	197	58	28	12	134
2017/9/11	0.7	53	147	41	21	11	90
2017/9/10	0.6	32	127	29	16	8	73
2017/9/9	0.7	37	71	39	23	9	47
2017/9/8	0.8	42	113	43	26	10	61
2017/9/7	0.7	34	148	30	17	11	90
2017/9/6	0.6	31	140	23	13	9	84
2017/9/5	0.7	31	84	25	14	8	42
2017/9/4	0.8	32	57	29	17	8	40
2017/9/3	0.8	34	90	34	20	9	45
2017/9/2	0.8	34	112	31	16	9	60
2017/9/1	0.7	39	50	39	21	8	49
2017/8/31	0.7	33	55	23	11	7	42
2017/8/30	0.7	27	52	17	6	8	34
2017/8/29	0.6	20	55	19	8	8	28
2017/8/28	0.7	25	129	38	20	9	75
2017/8/27	0.8	32	136	42	24	9	80
2017/8/26	0.7	33	78	30	17	8	42
2017/8/25	0.7	27	51	25	12	8	34
2017/8/24	0.6	25	104	29	13	8	54
2017/8/23	0.6	25	146	24	9	8	89
2017/8/22	0.8	30	158	42	26	8	99
2017/8/21	0.7	31	73	25	13	8	39
2017/8/20	0.8	31	118	39	23	9	65
2017/8/19	0.8	34	142	33	19	8	85
2017/8/18	0.8	38	84	29	15	7	48
2017/8/17	1.1	46	116	63	39	8	64
2017/8/16	1	49	108	53	30	8	62
2017/8/15	0.9	35	106	45	25	8	55
2017/8/14	0.9	48	198	61	36	8	135
2017/8/13	0.7	29	194	44	26	9	131
2017/8/12	0.6	28	201	40	23	7	138
2017/8/11	0.6	30	124	27	14	6	70
2017/8/10	0.8	47	176	49	27	9	115
2017/8/9	0.8	44	181	33	17	10	120
2017/8/8	0.7	32	155	18	8	7	96
2017/8/7	0.7	26	106	27	15	7	55
2017/8/6	0.8	30	168	42	25	6	108
2017/8/5	0.9	39	152	49	29	7	94
2017/8/4	1	50	179	51	28	6	118
2017/8/3	0.8	41	154	35	18	6	95
2017/8/2	0.9	41	169	44	26	6	109
2017/8/1	0.8	42	132	49	25	7	77
2017/7/31	1	64	178	65	35	9	117
2017/7/30	0.8	44	200	61	35	7	137
2017/7/29	0.7	41	120	41	20	7	67
2017/7/28	0.7	37	220	33	16	6	155
2017/7/27	0.6	30	201	41	22	6	138
2017/7/26	0.8	43	199	54	30	6	136
2017/7/25	0.8	54	201	52	26	8	138
2017/7/24	0.6	37	201	29	13	7	138
2017/7/23	0.7	33	176	43	21	7	115
2017/7/22	0.7	35	134	35	17	6	79
2017/7/21	0.8	40	136	40	21	6	80
2017/7/20	0.7	36	133	37	19	8	78
2017/7/19	0.7	34	138	32	15	6	82
2017/7/18	0.8	31	124	36	21	6	70
2017/7/17	0.7	28	164	37	22	7	104
2017/7/16	0.7	25	186	28	15	7	124
2017/7/15	0.7	30	159	46	28	7	100
2017/7/14	0.7	31	207	36	20	7	143
2017/7/13	0.7	33	181	38	16	7	120
2017/7/12	0.9	47	204	73	34	11	140
2017/7/11	1	62	249	97	45	12	184
2017/7/10	0.9	61	282	71	32	13	204
2017/7/9	0.8	50	208	63	33	11	144
2017/7/8	1	66	104	90	49	11	83
2017/7/7	0.9	59	201	47	26	10	138
2017/7/6	0.6	30	122	23	12	8	69
2017/7/5	0.8	32	66	40	20	7	40
2017/7/4	1.2	67	144	92	50	9	87
2017/7/3	1	66	140	81	38	7	84
2017/7/2	1.1	65	198	108	56	12	135
2017/7/1	0.9	48	175	81	45	16	114
2017/6/30	0.8	54	158	79	43	11	99
2017/6/29	0.8	47	151	75	39	10	93
2017/6/28	0.8	58	137	71	40	12	81
2017/6/27	0.6	45	154	38	21	11	95
2017/6/26	0.5	32	133	27	15	11	78
2017/6/25	0.5	33	120	25	14	9	67
2017/6/24	0.8	56	48	40	25	8	70
2017/6/23	1.3	89	87	172	98	14	129
2017/6/22	1.1	75	118	137	79	15	105
2017/6/21	1.1	66	194	116	75	11	131
2017/6/20	0.9	53	133	66	45	13	78
2017/6/19	0.7	34	136	56	32	12	80
2017/6/18	0.9	54	129	115	69	10	93
2017/6/17	0.9	49	113	99	59	9	80
2017/6/16	0.9	49	144	73	42	9	87
2017/6/15	0.8	35	99	57	35	8	54
2017/6/14	0.7	25	65	41	27	22	41
2017/6/13	0.8	45	70	69	44	17	62
2017/6/12	0.8	44	89	65	42	9	59
2017/6/11	0.7	42	121	55	30	11	68
2017/6/10	0.8	42	133	59	38	8	78
2017/6/9	0.7	28	133	55	36	8	78
2017/6/8	0.7	35	115	60	40	9	63
2017/6/7	0.8	41	177	63	38	12	116
2017/6/6	0.8	49	164	71	43	11	104
2017/6/5	0.8	47	147	58	30	9	90
2017/6/4	0.7	36	81	36	20	6	45
2017/6/3	0.8	61	73	97	61	9	83
2017/6/2	0.8	58	138	85	58	13	82
2017/6/1	0.7	44	112	62	41	8	60
2017/5/31	0.7	38	131	83	57	9	78
2017/5/30	0.7	38	167	105	75	12	107
2017/5/29	0.6	34	165	64	48	11	105
2017/5/28	0.8	72	191	87	61	15	129
2017/5/27	0.7	69	206	72	51	15	142
2017/5/26	0.6	58	175	49	35	13	114
2017/5/25	0.5	43	151	34	21	10	93
2017/5/24	0.9	82	35	78	47	10	101
2017/5/23	0.7	53	94	39	22	8	67
2017/5/22	0.7	35	53	29	16	6	44
2017/5/21	0.7	43	94	61	34	8	56
2017/5/20	0.8	59	100	111	67	12	90
2017/5/19	0.8	58	197	97	63	9	134
2017/5/18	0.6	37	164	60	38	7	104
2017/5/17	0.9	77	168	67	36	12	108
2017/5/16	0.8	68	146	56	31	10	89
2017/5/15	0.6	43	117	40	20	6	65
2017/5/14	0.5	33	182	39	21	7	120
2017/5/13	0.8	71	201	80	40	14	138
2017/5/12	0.6	55	139	50	23	16	83
2017/5/11	0.5	38	115	28	15	5	63
2017/5/10	0.8	53	153	138	82	12	109
2017/5/9	0.8	67	146	88	49	11	89
2017/5/8	0.7	43	153	106	54	10	95
2017/5/7	0.5	38	110	94	44	8	72
2017/5/6	0.5	34	133	81	39	8	78
2017/5/5	0.6	39	78	110	54	8	80
2017/5/4	0.8	59	138	70	36	13	82
2017/5/3	0.6	35	149	23	11	7	91
2017/5/2	0.9	52	141	93	54	11	85
2017/5/1	0.9	58	200	126	77	14	137
2017/4/30	0.9	65	161	111	64	16	101
2017/4/29	0.8	62	181	86	49	14	120
2017/4/28	0.5	45	149	43	22	8	91
2017/4/27	0.6	44	120	40	22	8	67
2017/4/26	0.6	41	78	34	19	8	52
2017/4/25	0.6	41	98	46	26	9	52
2017/4/24	0.9	72	82	117	57	18	90
2017/4/23	0.8	62	153	104	46	16	95
2017/4/22	0.6	52	134	51	21	10	79
2017/4/21	0.6	40	102	34	13	7	52
2017/4/20	0.6	54	80	43	17	10	68
2017/4/19	1	62	164	124	50	21	104
2017/4/18	1	65	152	136	49	19	94
2017/4/17	0.7	50	86	58	21	13	63
2017/4/16	0.6	41	76	40	17	10	52
2017/4/15	0.8	60	193	80	39	20	130
2017/4/14	0.8	62	179	68	33	15	118
2017/4/13	0.8	65	149	58	27	12	91
2017/4/12	0.6	44	124	34	16	11	70
2017/4/11	0.7	52	61	41	21	11	65
2017/4/10	0.9	42	115	31	15	10	63
2017/4/9	0.7	31	73	21	8	11	39
2017/4/8	1	52	70	48	21	14	65
2017/4/7	1	60	91	71	38	15	75
2017/4/6	1.3	65	70	115	61	15	83
2017/4/5	1	60	66	82	46	9	75
2017/4/4	0.8	47	113	73	46	10	64
2017/4/3	0.8	47	84	64	38	12	59
2017/4/2	1	73	65	91	47	26	92
2017/4/1	0.9	77	73	75	39	27	97
2017/3/31	0.9	64	122	67	38	16	80
2017/3/30	0.8	50	111	55	33	11	63
2017/3/29	1	64	89	128	77	18	103
2017/3/28	1.1	77	128	121	69	18	97
2017/3/27	0.7	48	114	62	35	12	62
2017/3/26	0.8	56	109	58	31	11	70
2017/3/25	0.5	39	87	52	22	8	51
2017/3/24	0.7	49	76	51	23	12	62
2017/3/23	1	47	38	75	45	12	63
2017/3/22	1	49	16	60	36	9	62
2017/3/21	1.1	70	46	110	67	19	90
2017/3/20	1	55	125	80	51	13	71
2017/3/19	0.8	43	52	56	36	10	54
2017/3/18	1.1	73	39	95	61	14	92
2017/3/17	0.9	57	66	76	53	13	73
2017/3/16	0.9	56	60	63	41	9	70
2017/3/15	0.8	54	61	55	37	11	68
2017/3/14	0.9	56	81	50	30	12	70
2017/3/13	0.8	43	77	19	9	10	54
2017/3/12	0.7	37	63	46	27	10	47
2017/3/11	1.2	71	45	155	93	15	123
2017/3/10	1.1	76	28	108	69	14	95
2017/3/9	0.9	65	22	117	80	16	107
2017/3/8	0.8	61	73	91	62	11	84
2017/3/7	0.8	57	91	70	48	9	72
2017/3/6	0.9	60	59	60	40	9	75
2017/3/5	0.9	53	85	62	41	11	67
2017/3/4	0.9	61	85	100	69	9	93
2017/3/3	0.9	63	86	122	72	17	97
2017/3/2	1	79	23	114	61	16	99
2017/3/1	1	70	92	143	79	13	105
2017/2/28	1	63	96	109	70	14	94
2017/2/27	1.1	63	75	121	77	12	103
2017/2/26	0.9	71	44	104	66	11	89
2017/2/25	0.7	45	87	66	41	11	58
2017/2/24	0.7	55	48	76	47	9	69
2017/2/23	0.6	45	59	53	28	10	57
2017/2/22	0.7	46	76	56	30	10	58
2017/2/21	0.9	37	48	50	29	9	50
2017/2/20	1.4	74	52	178	120	22	158
2017/2/19	1.7	80	109	226	157	23	207
2017/2/18	1.6	84	64	188	125	24	165
2017/2/17	1.3	72	99	177	126	16	166
2017/2/16	1.5	84	62	222	164	19	214
2017/2/15	1.4	74	100	160	114	13	149
2017/2/14	1.3	67	31	156	113	15	148
2017/2/13	1.2	64	32	198	141	19	188
2017/2/12	0.9	55	72	143	104	14	137
2017/2/11	0.8	42	64	80	58	10	79
2017/2/10	1.1	59	44	117	78	13	104
2017/2/9	1.2	71	15	108	69	18	93
2017/2/8	1	48	57	48	30	11	60
2017/2/7	1.1	33	48	37	23	9	42
2017/2/6	1.4	61	24	151	104	18	137
2017/2/5	1.3	52	32	148	104	14	137
2017/2/4	1.3	44	31	114	82	11	109
2017/2/3	1.1	37	26	93	69	11	93
2017/2/2	1	25	33	88	64	10	87
2017/2/1	1	26	50	63	47	9	65
2017/1/31	1	25	42	71	48	12	67
2017/1/30	1.1	42	56	122	77	14	103
2017/1/29	1	39	89	132	75	11	100
2017/1/28	1.3	38	48	280	195	23	245
2017/1/27	1.6	52	64	310	198	13	248
2017/1/26	1.7	70	41	317	227	14	277
2017/1/25	2.1	77	67	283	193	13	243
2017/1/24	1.5	67	41	258	180	16	230
2017/1/23	1.8	68	57	290	195	16	245
2017/1/22	2	94	13	268	184	18	234
2017/1/21	1.3	65	61	171	117	14	153
2017/1/20	1.4	63	23	170	112	16	147
2017/1/19	1.2	61	30	142	93	18	123
2017/1/18	1.1	62	29	146	97	13	128
2017/1/17	1.6	74	11	162	107	16	140
2017/1/16	1.2	56	34	137	99	19	130
2017/1/15	1.5	83	21	214	142	25	189
2017/1/14	1.3	91	33	141	89	16	118
2017/1/13	1	64	90	86	54	19	80
2017/1/12	1.1	59	63	82	52	15	74
2017/1/11	0.9	52	44	56	37	13	65
2017/1/10	0.9	36	58	43	28	10	45
2017/1/9	1.4	54	40	89	60	19	82
2017/1/8	1.9	75	20	141	96	28	127
2017/1/7	1.8	61	31	118	80	22	107
2017/1/6	2.3	85	17	361	244	18	294
2017/1/5	2.8	121	46	480	313	20	375
2017/1/4	2.4	112	11	399	258	29	308
2017/1/3	2.4	114	10	296	187	21	237
2017/1/2	2.2	86	75	294	178	20	228
2017/1/1	1.8	91	28	295	187	23	237
2016/12/31	1.5	89	18	230	145	31	193
2016/12/30	1.2	71	24	169	106	26	139
2016/12/29	1.1	72	58	163	106	29	139
2016/12/28	0.9	69	73	116	68	24	92
2016/12/27	1.2	71	61	119	68	20	92
2016/12/26	1.1	54	42	74	45	13	68
2016/12/25	1.1	42	16	49	34	9	53
2016/12/24	1.3	60	13	151	100	25	132
2016/12/23	1.8	77	7	213	146	20	195
2016/12/22	1.8	84	54	181	122	23	160
2016/12/21	1.9	74	37	202	145	20	193
2016/12/20	2.1	77	6	291	202	22	252
2016/12/19	1.9	83	11	234	154	17	204
2016/12/18	1.7	73	19	203	133	16	176
2016/12/17	1.4	62	21	150	96	15	127
2016/12/16	1.9	66	22	208	128	14	169
2016/12/15	2	65	10	210	126	20	166
2016/12/14	2	63	9	167	99	17	130
2016/12/13	1.8	52	33	136	85	15	113
2016/12/12	1.4	48	56	115	70	13	94
2016/12/11	1.5	58	18	163	92	15	122
2016/12/10	1.7	72	27	224	127	15	168
2016/12/9	1.7	73	76	254	142	13	189
2016/12/8	1.9	91	14	271	142	12	189
2016/12/7	2	81	58	277	149	16	199
2016/12/6	1.8	78	50	210	121	22	159
2016/12/5	1.5	63	74	191	111	14	145
2016/12/4	1.8	68	11	277	158	12	208
2016/12/3	1.4	65	20	237	137	16	182
2016/12/2	1.4	68	13	283	151	17	201
2016/12/1	1.2	73	26	208	104	20	137
2016/11/30	1.1	67	65	140	70	17	95
2016/11/29	1	63	77	129	63	18	90
2016/11/28	1.8	89	11	225	106	26	139
2016/11/27	1.5	74	49	166	78	22	108
2016/11/26	1.2	57	63	123	59	17	87
2016/11/25	1.1	53	22	96	55	16	75
2016/11/24	0.8	46	35	73	36	12	62
2016/11/23	0.7	40	50	48	21	13	50
2016/11/22	0.8	35	44	53	27	12	52
2016/11/21	2.1	79	7	259	137	22	182
2016/11/20	2	72	48	188	98	22	129
2016/11/19	1.5	68	33	146	88	15	117
2016/11/18	1.4	63	82	179	116	14	152
2016/11/17	1.8	79	53	183	112	16	147
2016/11/16	1.5	70	62	170	103	18	135
2016/11/15	1.9	77	13	319	194	25	244
2016/11/14	1.9	86	65	238	140	20	186
2016/11/13	1.5	66	71	161	98	18	129
2016/11/12	1.3	56	59	114	61	11	83
2016/11/11	1.1	55	31	91	51	14	71
2016/11/10	1	49	26	98	61	12	83
2016/11/9	0.9	43	35	60	38	7	55
2016/11/8	0.7	41	41	77	41	10	64
2016/11/7	0.7	38	43	47	21	8	48
2016/11/6	1.4	61	26	183	114	20	149
2016/11/5	1.5	78	32	230	153	20	203
2016/11/4	1.5	65	73	194	127	18	168
2016/11/3	1.3	59	77	170	107	16	140
2016/11/2	1.5	73	17	203	125	14	165
2016/11/1	1.1	61	33	124	74	14	99
2016/10/31	0.9	50	78	91	54	14	74
2016/10/30	0.8	46	23	84	46	10	67
2016/10/29	0.5	32	80	41	20	11	41
2016/10/28	0.6	32	73	31	13	10	40
2016/10/27	1.2	51	54	70	34	16	64
2016/10/26	1.1	54	66	71	33	13	68
2016/10/25	1.1	47	50	65	30	17	59
2016/10/24	1	35	24	41	20	9	44
2016/10/23	0.7	32	49	26	11	11	40
2016/10/22	1.6	60	32	146	83	17	110
2016/10/21	1.5	58	19	149	82	19	109
2016/10/20	1.5	68	15	159	80	14	107
2016/10/19	1.3	68	38	138	75	18	100
2016/10/18	1.3	62	62	124	68	14	92
2016/10/17	1.2	48	112	99	58	12	79
2016/10/16	1.8	68	21	162	91	14	120
2016/10/15	1.2	50	24	88	53	13	73
2016/10/14	1.1	48	17	75	46	11	64
2016/10/13	1.1	44	51	70	40	12	60
2016/10/12	1	47	27	50	31	10	59
2016/10/11	0.8	41	42	41	25	12	52
2016/10/10	0.7	32	61	32	21	10	40
2016/10/9	0.7	32	46	31	19	10	40
2016/10/8	0.8	36	88	43	26	9	45
2016/10/7	1	54	56	94	56	13	77
2016/10/6	0.8	43	52	80	47	12	65
2016/10/5	0.8	48	51	53	33	17	60
2016/10/4	1.2	51	149	119	77	21	103
2016/10/3	1.3	56	178	99	71	18	117
2016/10/2	1.4	58	188	89	63	17	126
2016/10/1	1.1	52	183	51	37	13	121
2016/9/30	1.1	56	145	52	34	14	88
2016/9/29	1.1	54	64	50	33	15	68
2016/9/28	0.9	40	140	44	30	13	84
2016/9/27	1.1	50	101	63	40	15	63
2016/9/26	1.2	55	56	89	59	15	80
2016/9/25	1.2	49	84	117	80	15	107
2016/9/24	1.2	49	109	89	61	16	83
2016/9/23	1.1	56	73	64	42	10	70
2016/9/22	1.1	55	49	82	51	13	70
2016/9/21	0.9	42	136	63	42	10	80
2016/9/20	0.8	39	83	48	32	9	49
2016/9/19	0.9	32	99	34	24	16	50
2016/9/18	1	37	75	44	29	8	47
2016/9/17	1.4	71	36	109	73	12	98
2016/9/16	1.1	47	126	74	49	9	72
2016/9/15	0.9	37	148	48	33	11	90
2016/9/14	0.8	35	81	54	36	9	52
2016/9/13	1	63	55	85	56	12	79
2016/9/12	1.3	76	122	118	72	27	97
2016/9/11	1	60	174	79	45	17	113
2016/9/10	0.9	47	182	50	31	11	120
2016/9/9	1	48	176	82	52	17	115
2016/9/8	1	46	122	69	45	12	69
2016/9/7	1	45	121	62	40	13	68
2016/9/6	0.9	43	144	55	39	9	87
2016/9/5	0.8	44	60	47	32	13	55
2016/9/4	0.9	49	61	62	41	10	62
2016/9/3	1.1	68	51	99	63	12	85
2016/9/2	1	46	171	74	50	11	110
2016/9/1	0.9	45	150	73	47	12	92
2016/8/31	0.9	47	129	86	56	12	77
2016/8/30	0.7	33	98	47	35	10	50
2016/8/29	0.9	35	77	50	31	17	50
2016/8/28	1.1	43	82	61	35	14	56
2016/8/27	0.8	35	157	41	20	13	98
2016/8/26	0.8	30	112	29	14	11	60
2016/8/25	1	44	165	82	50	17	105
2016/8/24	1.1	46	250	82	53	13	185
2016/8/23	1	44	218	75	48	13	153
2016/8/22	1.1	54	178	99	55	23	117
2016/8/21	0.9	43	184	83	53	13	122
2016/8/20	1.2	63	220	107	63	13	155
2016/8/19	1.1	59	230	84	50	14	165
2016/8/18	1	54	119	87	54	18	74
2016/8/17	0.9	49	163	79	47	15	103
2016/8/16	0.9	43	152	59	37	12	94
2016/8/15	0.8	37	167	39	24	17	107
2016/8/14	1	47	191	68	41	10	129
2016/8/13	1.3	57	293	97	57	11	206
2016/8/12	1.2	62	137	85	49	13	81
2016/8/11	1.2	52	144	74	44	15	87
2016/8/10	1	46	179	50	32	11	118
2016/8/9	1.1	52	191	55	32	11	129
2016/8/8	1.1	49	181	61	35	18	120
2016/8/7	0.9	37	186	43	25	10	124
2016/8/6	1	40	173	58	34	12	112
2016/8/5	1	48	80	46	28	11	60
2016/8/4	1.1	48	94	56	31	12	60
2016/8/3	1.1	57	108	64	37	15	72
2016/8/2	1.1	54	151	85	50	13	93
2016/8/1	1	50	167	86	50	17	107
2016/7/31	0.8	42	131	56	33	13	76
2016/7/30	0.9	49	132	64	35	17	77
2016/7/29	0.7	34	135	42	24	12	80
2016/7/28	0.8	37	180	47	26	13	119
2016/7/27	0.6	28	147	26	13	11	90
2016/7/26	0.8	40	86	37	21	16	50
2016/7/25	1	38	123	50	31	17	70
2016/7/24	1.1	40	93	70	45	14	63
2016/7/23	0.9	32	133	44	27	12	78
2016/7/22	0.9	33	87	30	18	13	44
2016/7/21	1	42	172	58	35	17	111
2016/7/20	0.9	36	168	44	25	16	108
2016/7/19	0.8	30	191	26	15	12	129
2016/7/18	0.9	42	100	66	39	19	58
2016/7/17	1	55	197	80	45	14	134
2016/7/16	1	58	273	72	40	18	202
2016/7/15	0.7	39	166	34	17	18	106
2016/7/14	0.6	33	96	22	10	11	48
2016/7/13	0.7	35	74	31	16	11	44
2016/7/12	0.8	46	132	48	28	11	77
2016/7/11	0.9	37	176	40	24	14	115
2016/7/10	1.139	40	145	65	38	10	88
2016/7/9	1.011	41	77	47	28	9	52
2016/7/8	0.926	34	108	52	33	10	57
2016/7/7	0.938	38	72	41	28	9	48
2016/7/6	0.855	40	52	38	24	9	50
2016/7/5	1.008	49	61	67	37	13	62
2016/7/4	0.977	45	100	60	35	20	57
2016/7/3	0.831	32	166	43	28	7	106
2016/7/2	1.077	53	164	93	54	16	104
2016/7/1	1.083	51	188	84	51	12	126
2016/6/30	1.013	49	131	94	58	7	79
2016/6/29	0.82	42	149	79	47	13	91
2016/6/28	0.81	39	159	92	54	10	100
2016/6/27	0.908	40	110	99	57	18	78
2016/6/26	0.823	34	101	52	28	6	51
2016/6/25	0.797	42	154	46	24	9	95
2016/6/24	0.934	48	97	37	18	11	60
2016/6/23	0.991	35	117	73	39	6	65
2016/6/22	1.367	67	140	180	99	8	130
2016/6/21	1.137	64	109	100	54	9	80
2016/6/20	1.18	52	201	110	62	18	138
2016/6/19	0.853	38	212	70	41	10	148
2016/6/18	1.089	69	143	128	66	23	89
2016/6/17	0.855	59	215	76	38	14	150
2016/6/16	0.799	49	161	71	34	12	101
2016/6/15	0.831	52	147	68	36	8	90
2016/6/14	1.058	55	182	108	68	14	120
2016/6/13	0.902	46	154	64	40	22	95
2016/6/12	0.78	31	166	60	36	15	106
2016/6/11	0.75	28	151	47	28	9	93
2016/6/10	0.804	34	98	55	33	8	53
2016/6/9	0.814	38	120	40	25	6	67
2016/6/8	0.781	40	165	56	33	15	105
数据集统计描述：           CO      NO2       O3     PM10    PM2.5      SO2      AQI
count  1461.00  1461.00  1461.00  1461.00  1461.00  1461.00  1461.00
mean      0.90    46.77    91.23    81.72    50.51     9.49    89.06
std       0.29    16.55    54.26    53.72    35.61     4.20    42.12
min       0.40     8.00     3.00     9.00     4.00     3.00    25.00
25%       0.70    35.00    50.00    44.00    26.00     6.00    59.00
50%       0.80    45.00    78.00    69.00    41.00     8.00    79.00
75%       1.00    57.00   127.00   104.00    64.00    11.00   108.00
max       2.80   121.00   293.00   480.00   313.00    31.00   375.00
